(kicad_pcb (version 20171130) (host pcbnew "(5.1.9)-1")

  (general
    (thickness 1.6)
    (drawings 7)
    (tracks 198)
    (zones 0)
    (modules 28)
    (nets 44)
  )

  (page A4)
  (layers
    (0 F.Cu signal)
    (31 B.Cu signal)
    (32 B.Adhes user)
    (33 F.Adhes user)
    (34 B.Paste user)
    (35 F.Paste user)
    (36 B.SilkS user)
    (37 F.SilkS user hide)
    (38 B.Mask user)
    (39 F.Mask user)
    (40 Dwgs.User user)
    (41 Cmts.User user)
    (42 Eco1.User user)
    (43 Eco2.User user)
    (44 Edge.Cuts user)
    (45 Margin user)
    (46 B.CrtYd user hide)
    (47 F.CrtYd user)
    (48 B.Fab user)
    (49 F.Fab user hide)
  )

  (setup
    (last_trace_width 0.25)
    (trace_clearance 0.2)
    (zone_clearance 1.016)
    (zone_45_only no)
    (trace_min 0.2)
    (via_size 0.8)
    (via_drill 0.4)
    (via_min_size 0.4)
    (via_min_drill 0.3)
    (uvia_size 0.3)
    (uvia_drill 0.1)
    (uvias_allowed no)
    (uvia_min_size 0.2)
    (uvia_min_drill 0.1)
    (edge_width 0.05)
    (segment_width 0.2)
    (pcb_text_width 0.3)
    (pcb_text_size 1.5 1.5)
    (mod_edge_width 0.12)
    (mod_text_size 1 1)
    (mod_text_width 0.15)
    (pad_size 1.524 1.524)
    (pad_drill 0.762)
    (pad_to_mask_clearance 0)
    (aux_axis_origin 67.88 127.45)
    (grid_origin 67.88 127.45)
    (visible_elements 7FFFFFFF)
    (pcbplotparams
      (layerselection 0x01000_ffffffff)
      (usegerberextensions false)
      (usegerberattributes true)
      (usegerberadvancedattributes true)
      (creategerberjobfile true)
      (excludeedgelayer true)
      (linewidth 0.100000)
      (plotframeref false)
      (viasonmask false)
      (mode 1)
      (useauxorigin true)
      (hpglpennumber 1)
      (hpglpenspeed 20)
      (hpglpendiameter 15.000000)
      (psnegative false)
      (psa4output false)
      (plotreference true)
      (plotvalue true)
      (plotinvisibletext false)
      (padsonsilk false)
      (subtractmaskfromsilk false)
      (outputformat 1)
      (mirror false)
      (drillshape 0)
      (scaleselection 1)
      (outputdirectory "Gerber/"))
  )

  (net 0 "")
  (net 1 +10V)
  (net 2 GND)
  (net 3 +5V)
  (net 4 "Net-(C4-Pad2)")
  (net 5 Sinal)
  (net 6 "Net-(C5-Pad1)")
  (net 7 +3V3)
  (net 8 "Net-(R1-Pad2)")
  (net 9 SPI_CLK)
  (net 10 SPI_MISO)
  (net 11 SPI_CS0)
  (net 12 "Net-(U2-Pad6)")
  (net 13 "Net-(U3-Pad5)")
  (net 14 "Net-(U3-Pad6)")
  (net 15 "Net-(U3-Pad7)")
  (net 16 "Net-(U5-Pad5)")
  (net 17 "Net-(U5-Pad6)")
  (net 18 "Net-(U5-Pad9)")
  (net 19 "Net-(U5-Pad10)")
  (net 20 "Net-(J2-Pad2)")
  (net 21 "Net-(J2-Pad1)")
  (net 22 /ESP32/UART_RX0)
  (net 23 /ESP32/UART_TX0)
  (net 24 "Net-(Q1-Pad3)")
  (net 25 "Net-(Q2-Pad3)")
  (net 26 "Net-(Q3-Pad3)")
  (net 27 "Net-(U5-Pad1)")
  (net 28 "Net-(U5-Pad2)")
  (net 29 "Net-(U5-Pad3)")
  (net 30 "Net-(U5-Pad4)")
  (net 31 "Net-(U5-Pad7)")
  (net 32 "Net-(U5-Pad8)")
  (net 33 "Net-(U5-Pad11)")
  (net 34 "Net-(U5-Pad12)")
  (net 35 "Net-(U5-Pad13)")
  (net 36 "Net-(U5-Pad18)")
  (net 37 "Net-(U5-Pad19)")
  (net 38 "Net-(U5-Pad20)")
  (net 39 "Net-(U5-Pad21)")
  (net 40 "Net-(U5-Pad22)")
  (net 41 "Net-(U5-Pad26)")
  (net 42 "Net-(U5-Pad29)")
  (net 43 "Net-(U5-Pad30)")

  (net_class Default "This is the default net class."
    (clearance 0.2)
    (trace_width 0.25)
    (via_dia 0.8)
    (via_drill 0.4)
    (uvia_dia 0.3)
    (uvia_drill 0.1)
    (add_net +10V)
    (add_net +3V3)
    (add_net +5V)
    (add_net /ESP32/UART_RX0)
    (add_net /ESP32/UART_TX0)
    (add_net GND)
    (add_net "Net-(C4-Pad2)")
    (add_net "Net-(C5-Pad1)")
    (add_net "Net-(J2-Pad1)")
    (add_net "Net-(J2-Pad2)")
    (add_net "Net-(Q1-Pad3)")
    (add_net "Net-(Q2-Pad3)")
    (add_net "Net-(Q3-Pad3)")
    (add_net "Net-(R1-Pad2)")
    (add_net "Net-(U2-Pad6)")
    (add_net "Net-(U3-Pad5)")
    (add_net "Net-(U3-Pad6)")
    (add_net "Net-(U3-Pad7)")
    (add_net "Net-(U5-Pad1)")
    (add_net "Net-(U5-Pad10)")
    (add_net "Net-(U5-Pad11)")
    (add_net "Net-(U5-Pad12)")
    (add_net "Net-(U5-Pad13)")
    (add_net "Net-(U5-Pad18)")
    (add_net "Net-(U5-Pad19)")
    (add_net "Net-(U5-Pad2)")
    (add_net "Net-(U5-Pad20)")
    (add_net "Net-(U5-Pad21)")
    (add_net "Net-(U5-Pad22)")
    (add_net "Net-(U5-Pad26)")
    (add_net "Net-(U5-Pad29)")
    (add_net "Net-(U5-Pad3)")
    (add_net "Net-(U5-Pad30)")
    (add_net "Net-(U5-Pad4)")
    (add_net "Net-(U5-Pad5)")
    (add_net "Net-(U5-Pad6)")
    (add_net "Net-(U5-Pad7)")
    (add_net "Net-(U5-Pad8)")
    (add_net "Net-(U5-Pad9)")
    (add_net SPI_CLK)
    (add_net SPI_CS0)
    (add_net SPI_MISO)
    (add_net Sinal)
  )

  (module esp32_devkit_v1_doit:esp32_devkit_v1_doit (layer F.Cu) (tedit 5F4BBE44) (tstamp 6015B514)
    (at 145.93 88.89 270)
    (descr "ESPWROOM32, ESP32, 30 GPIOs version")
    (path /600203C9/6009AEFA)
    (attr smd)
    (fp_text reference U5 (at 0 10.47 90) (layer F.SilkS)
      (effects (font (size 1 1) (thickness 0.15)))
    )
    (fp_text value ESP32_DevKit_V1_DOIT (at 0 8.7 90) (layer F.Fab)
      (effects (font (size 1 1) (thickness 0.15)))
    )
    (fp_circle (center 7.62 42.855) (end 7.92 42.855) (layer F.SilkS) (width 1))
    (fp_circle (center -7.62 42.855) (end -7.32 42.855) (layer F.SilkS) (width 1))
    (fp_line (start -6.35 40.95) (end -6.35 44.76) (layer F.SilkS) (width 0.12))
    (fp_line (start -8.89 40.95) (end -6.35 40.95) (layer F.SilkS) (width 0.12))
    (fp_line (start -8.89 44.76) (end -8.89 40.95) (layer F.SilkS) (width 0.12))
    (fp_line (start -6.35 44.76) (end -8.89 44.76) (layer F.SilkS) (width 0.12))
    (fp_line (start 6.35 44.76) (end 6.35 40.95) (layer F.SilkS) (width 0.12))
    (fp_line (start 8.89 44.76) (end 6.35 44.76) (layer F.SilkS) (width 0.12))
    (fp_line (start 8.89 40.95) (end 8.89 44.76) (layer F.SilkS) (width 0.12))
    (fp_line (start 6.35 40.95) (end 8.89 40.95) (layer F.SilkS) (width 0.12))
    (fp_circle (center -5.08 16.82) (end -4.68 16.82) (layer F.SilkS) (width 0.8))
    (fp_line (start -7.5 18.96) (end -7.5 0.96) (layer F.SilkS) (width 0.12))
    (fp_line (start 7.5 18.96) (end -7.5 18.96) (layer F.SilkS) (width 0.12))
    (fp_line (start 7.5 0.96) (end 7.5 18.96) (layer F.SilkS) (width 0.12))
    (fp_line (start -7.5 0.96) (end 7.5 0.96) (layer F.SilkS) (width 0.12))
    (fp_line (start 5.08 -4.008) (end 5.08 -0.452) (layer F.SilkS) (width 0.12))
    (fp_line (start 7.62 -4.008) (end 7.62 -0.452) (layer F.SilkS) (width 0.12))
    (fp_line (start 2.54 -4.008) (end 7.62 -4.008) (layer F.SilkS) (width 0.12))
    (fp_line (start 2.54 -1.976) (end 2.54 -4.008) (layer F.SilkS) (width 0.12))
    (fp_line (start 0 -1.976) (end 2.54 -1.976) (layer F.SilkS) (width 0.12))
    (fp_line (start 0 -4.008) (end 0 -1.976) (layer F.SilkS) (width 0.12))
    (fp_line (start -2.54 -4.008) (end 0 -4.008) (layer F.SilkS) (width 0.12))
    (fp_line (start -2.54 -1.976) (end -2.54 -4.008) (layer F.SilkS) (width 0.12))
    (fp_line (start -5.08 -1.976) (end -2.54 -1.976) (layer F.SilkS) (width 0.12))
    (fp_line (start -5.08 -4.008) (end -5.08 -1.976) (layer F.SilkS) (width 0.12))
    (fp_line (start -7.62 -4.008) (end -5.08 -4.008) (layer F.SilkS) (width 0.12))
    (fp_line (start -7.62 -0.452) (end -7.62 -4.008) (layer F.SilkS) (width 0.12))
    (fp_line (start -8.89 0.31) (end -8.89 -4.77) (layer F.SilkS) (width 0.12))
    (fp_line (start 8.89 0.31) (end -8.89 0.31) (layer F.SilkS) (width 0.12))
    (fp_line (start 8.89 -4.77) (end 8.89 0.31) (layer F.SilkS) (width 0.12))
    (fp_line (start -8.89 -4.77) (end 8.89 -4.77) (layer F.SilkS) (width 0.12))
    (fp_line (start -4 39.46) (end 4 39.46) (layer F.SilkS) (width 0.12))
    (fp_line (start 4 39.46) (end 4 45.46) (layer F.SilkS) (width 0.12))
    (fp_line (start -4 39.46) (end -4 45.46) (layer F.SilkS) (width 0.12))
    (fp_circle (center 11.7 43.46) (end 13.2 43.46) (layer F.SilkS) (width 0.12))
    (fp_circle (center -11.7 43.46) (end -10.2 43.46) (layer F.SilkS) (width 0.12))
    (fp_line (start -12 -6.04) (end 12 -6.04) (layer F.SilkS) (width 0.12))
    (fp_line (start -12 45.46) (end 12 45.46) (layer F.SilkS) (width 0.12))
    (fp_line (start -14 -4.04) (end -14 43.46) (layer F.SilkS) (width 0.12))
    (fp_line (start 14 43.46) (end 14 -4.04) (layer F.SilkS) (width 0.12))
    (fp_circle (center 11.7 -4.04) (end 13.2 -4.04) (layer F.SilkS) (width 0.12))
    (fp_circle (center -11.7 -4.04) (end -10.2 -4.04) (layer F.SilkS) (width 0.12))
    (fp_text user USB (at 0 43.49 90) (layer F.SilkS)
      (effects (font (size 1 1) (thickness 0.15)))
    )
    (fp_text user Boot (at 7.62 39.68 90) (layer F.SilkS)
      (effects (font (size 1 1) (thickness 0.15)))
    )
    (fp_text user Enable (at -7.62 39.68 90) (layer F.SilkS)
      (effects (font (size 1 1) (thickness 0.15)))
    )
    (fp_arc (start 12 -4.04) (end 14 -4.04) (angle -90) (layer F.SilkS) (width 0.12))
    (fp_arc (start -12 -4.04) (end -12 -6.04) (angle -90) (layer F.SilkS) (width 0.12))
    (fp_arc (start -12 43.46) (end -14 43.46) (angle -90) (layer F.SilkS) (width 0.12))
    (fp_arc (start 12 43.46) (end 12 45.46) (angle -90) (layer F.SilkS) (width 0.12))
    (pad 1 thru_hole rect (at -12.7 0 270) (size 1.524 1.524) (drill 0.762) (layers *.Cu *.Mask)
      (net 27 "Net-(U5-Pad1)"))
    (pad 2 thru_hole circle (at -12.7 2.54 270) (size 1.524 1.524) (drill 0.762) (layers *.Cu *.Mask)
      (net 28 "Net-(U5-Pad2)"))
    (pad 3 thru_hole circle (at -12.7 5.08 270) (size 1.524 1.524) (drill 0.762) (layers *.Cu *.Mask)
      (net 29 "Net-(U5-Pad3)"))
    (pad 4 thru_hole circle (at -12.7 7.62 270) (size 1.524 1.524) (drill 0.762) (layers *.Cu *.Mask)
      (net 30 "Net-(U5-Pad4)"))
    (pad 5 thru_hole circle (at -12.7 10.16 270) (size 1.524 1.524) (drill 0.762) (layers *.Cu *.Mask)
      (net 16 "Net-(U5-Pad5)"))
    (pad 6 thru_hole circle (at -12.7 12.7 270) (size 1.524 1.524) (drill 0.762) (layers *.Cu *.Mask)
      (net 17 "Net-(U5-Pad6)"))
    (pad 7 thru_hole circle (at -12.7 15.24 270) (size 1.524 1.524) (drill 0.762) (layers *.Cu *.Mask)
      (net 31 "Net-(U5-Pad7)"))
    (pad 8 thru_hole circle (at -12.7 17.78 270) (size 1.524 1.524) (drill 0.762) (layers *.Cu *.Mask)
      (net 32 "Net-(U5-Pad8)"))
    (pad 9 thru_hole circle (at -12.7 20.32 270) (size 1.524 1.524) (drill 0.762) (layers *.Cu *.Mask)
      (net 18 "Net-(U5-Pad9)"))
    (pad 10 thru_hole circle (at -12.7 22.86 270) (size 1.524 1.524) (drill 0.762) (layers *.Cu *.Mask)
      (net 19 "Net-(U5-Pad10)"))
    (pad 11 thru_hole circle (at -12.7 25.4 270) (size 1.524 1.524) (drill 0.762) (layers *.Cu *.Mask)
      (net 33 "Net-(U5-Pad11)"))
    (pad 12 thru_hole circle (at -12.7 27.94 270) (size 1.524 1.524) (drill 0.762) (layers *.Cu *.Mask)
      (net 34 "Net-(U5-Pad12)"))
    (pad 13 thru_hole circle (at -12.7 30.48 270) (size 1.524 1.524) (drill 0.762) (layers *.Cu *.Mask)
      (net 35 "Net-(U5-Pad13)"))
    (pad 14 thru_hole circle (at -12.7 33.02 270) (size 1.524 1.524) (drill 0.762) (layers *.Cu *.Mask)
      (net 2 GND))
    (pad 15 thru_hole circle (at -12.7 35.56 270) (size 1.524 1.524) (drill 0.762) (layers *.Cu *.Mask)
      (net 1 +10V))
    (pad 16 thru_hole circle (at 12.7 35.56 270) (size 1.524 1.524) (drill 0.762) (layers *.Cu *.Mask)
      (net 7 +3V3))
    (pad 17 thru_hole circle (at 12.7 33.02 270) (size 1.524 1.524) (drill 0.762) (layers *.Cu *.Mask)
      (net 2 GND))
    (pad 18 thru_hole circle (at 12.7 30.48 270) (size 1.524 1.524) (drill 0.762) (layers *.Cu *.Mask)
      (net 36 "Net-(U5-Pad18)"))
    (pad 19 thru_hole circle (at 12.7 27.94 270) (size 1.524 1.524) (drill 0.762) (layers *.Cu *.Mask)
      (net 37 "Net-(U5-Pad19)"))
    (pad 20 thru_hole circle (at 12.7 25.4 270) (size 1.524 1.524) (drill 0.762) (layers *.Cu *.Mask)
      (net 38 "Net-(U5-Pad20)"))
    (pad 21 thru_hole circle (at 12.7 22.86 270) (size 1.524 1.524) (drill 0.762) (layers *.Cu *.Mask)
      (net 39 "Net-(U5-Pad21)"))
    (pad 22 thru_hole circle (at 12.7 20.32 270) (size 1.524 1.524) (drill 0.762) (layers *.Cu *.Mask)
      (net 40 "Net-(U5-Pad22)"))
    (pad 23 thru_hole circle (at 12.7 17.78 270) (size 1.524 1.524) (drill 0.762) (layers *.Cu *.Mask)
      (net 11 SPI_CS0))
    (pad 24 thru_hole circle (at 12.7 15.24 270) (size 1.524 1.524) (drill 0.762) (layers *.Cu *.Mask)
      (net 9 SPI_CLK))
    (pad 25 thru_hole circle (at 12.7 12.7 270) (size 1.524 1.524) (drill 0.762) (layers *.Cu *.Mask)
      (net 10 SPI_MISO))
    (pad 26 thru_hole circle (at 12.7 10.16 270) (size 1.524 1.524) (drill 0.762) (layers *.Cu *.Mask)
      (net 41 "Net-(U5-Pad26)"))
    (pad 27 thru_hole circle (at 12.7 7.62 270) (size 1.524 1.524) (drill 0.762) (layers *.Cu *.Mask)
      (net 22 /ESP32/UART_RX0))
    (pad 28 thru_hole circle (at 12.7 5.08 270) (size 1.524 1.524) (drill 0.762) (layers *.Cu *.Mask)
      (net 23 /ESP32/UART_TX0))
    (pad 29 thru_hole circle (at 12.7 2.54 270) (size 1.524 1.524) (drill 0.762) (layers *.Cu *.Mask)
      (net 42 "Net-(U5-Pad29)"))
    (pad 30 thru_hole circle (at 12.7 0 270) (size 1.524 1.524) (drill 0.762) (layers *.Cu *.Mask)
      (net 43 "Net-(U5-Pad30)"))
    (model ${KISYS3DMOD}/Button_Switch_SMD.3dshapes/SW_SPST_B3U-1000P-B.wrl
      (offset (xyz 7.5 -43 4))
      (scale (xyz 1 1 1))
      (rotate (xyz 0 0 90))
    )
    (model ${KISYS3DMOD}/Button_Switch_SMD.3dshapes/SW_SPST_B3U-1000P-B.wrl
      (offset (xyz -7.5 -43 4))
      (scale (xyz 1 1 1))
      (rotate (xyz 0 0 90))
    )
    (model ${KISYS3DMOD}/Connector_PinHeader_2.54mm.3dshapes/PinHeader_1x15_P2.54mm_Vertical.wrl
      (offset (xyz -12.7 0 2.5))
      (scale (xyz 1 1 1))
      (rotate (xyz 0 180 0))
    )
    (model ${KISYS3DMOD}/Connector_PinHeader_2.54mm.3dshapes/PinHeader_1x15_P2.54mm_Vertical.wrl
      (offset (xyz 12.7 0 2.5))
      (scale (xyz 1 1 1))
      (rotate (xyz 0 180 0))
    )
    (model ${VL_PACKAGES3D}/esp32_devkit_v1_doit.3dshapes/esp32_devkit_v1_doit.step
      (offset (xyz -12.7 0 2.5))
      (scale (xyz 1 1 1))
      (rotate (xyz 0 0 0))
    )
    (model ${KISYS3DMOD}/Connector_USB.3dshapes/USB_Micro-B_Molex_47346-0001.wrl
      (offset (xyz 0 -42 4))
      (scale (xyz 1 1 1))
      (rotate (xyz 0 0 0))
    )
    (model ${KISYS3DMOD}/LED_SMD.3dshapes/LED_1206_3216Metric.wrl
      (offset (xyz -6 -23 4))
      (scale (xyz 1 1 1))
      (rotate (xyz 0 0 -90))
    )
    (model ${KISYS3DMOD}/LED_SMD.3dshapes/LED_1206_3216Metric.wrl
      (offset (xyz 6 -23 4))
      (scale (xyz 1 1 1))
      (rotate (xyz 0 0 -90))
    )
    (model ${KISYS3DMOD}/Capacitor_Tantalum_SMD.3dshapes/CP_EIA-2012-15_AVX-P.wrl
      (offset (xyz -6.5 -27.5 4))
      (scale (xyz 1 1 1))
      (rotate (xyz 0 0 0))
    )
    (model ${KISYS3DMOD}/Package_TO_SOT_SMD.3dshapes/SOT-223.wrl
      (offset (xyz -6 -33 4))
      (scale (xyz 1 1 1))
      (rotate (xyz 0 0 -180))
    )
    (model ${KISYS3DMOD}/Resistor_SMD.3dshapes/R_0603_1608Metric.wrl
      (offset (xyz -7 -38.5 4))
      (scale (xyz 1 1 1))
      (rotate (xyz 0 0 0))
    )
    (model ${KISYS3DMOD}/Resistor_SMD.3dshapes/R_0603_1608Metric.wrl
      (offset (xyz 8.5 -38.5 4))
      (scale (xyz 1 1 1))
      (rotate (xyz 0 0 0))
    )
    (model ${KISYS3DMOD}/Resistor_SMD.3dshapes/R_0603_1608Metric.wrl
      (offset (xyz 5.5 -38.5 4))
      (scale (xyz 1 1 1))
      (rotate (xyz 0 0 0))
    )
    (model ${KISYS3DMOD}/Package_TO_SOT_SMD.3dshapes/SOT-23.wrl
      (offset (xyz -0.5 -27.5 4))
      (scale (xyz 1 1 1))
      (rotate (xyz 0 0 0))
    )
    (model ${KISYS3DMOD}/Package_TO_SOT_SMD.3dshapes/SOT-23.wrl
      (offset (xyz 6 -27.5 4))
      (scale (xyz 1 1 1))
      (rotate (xyz 0 0 -180))
    )
    (model ${KISYS3DMOD}/Resistor_SMD.3dshapes/R_0603_1608Metric.wrl
      (offset (xyz 9 -27.5 4))
      (scale (xyz 1 1 1))
      (rotate (xyz 0 0 90))
    )
    (model ${KISYS3DMOD}/Resistor_SMD.3dshapes/R_0603_1608Metric.wrl
      (offset (xyz -3.5 -27.5 4))
      (scale (xyz 1 1 1))
      (rotate (xyz 0 0 90))
    )
    (model ${KISYS3DMOD}/Capacitor_SMD.3dshapes/C_0603_1608Metric.wrl
      (offset (xyz -0.5 -38.5 4))
      (scale (xyz 1 1 1))
      (rotate (xyz 0 0 0))
    )
    (model ${KISYS3DMOD}/Diode_SMD.3dshapes/D_0603_1608Metric.wrl
      (offset (xyz -3 -38.5 4))
      (scale (xyz 1 1 1))
      (rotate (xyz 0 0 0))
    )
    (model ${KISYS3DMOD}/Resistor_SMD.3dshapes/R_0603_1608Metric.wrl
      (offset (xyz -3 -23 4))
      (scale (xyz 1 1 1))
      (rotate (xyz 0 0 90))
    )
    (model ${KISYS3DMOD}/Resistor_SMD.3dshapes/R_0603_1608Metric.wrl
      (offset (xyz -1.5 -23 4))
      (scale (xyz 1 1 1))
      (rotate (xyz 0 0 90))
    )
    (model ${KISYS3DMOD}/Resistor_SMD.3dshapes/R_0603_1608Metric.wrl
      (offset (xyz 0 -23 4))
      (scale (xyz 1 1 1))
      (rotate (xyz 0 0 90))
    )
    (model ${KISYS3DMOD}/Resistor_SMD.3dshapes/R_0603_1608Metric.wrl
      (offset (xyz 1.5 -23 4))
      (scale (xyz 1 1 1))
      (rotate (xyz 0 0 90))
    )
    (model ${KISYS3DMOD}/Resistor_SMD.3dshapes/R_0603_1608Metric.wrl
      (offset (xyz 3 -23 4))
      (scale (xyz 1 1 1))
      (rotate (xyz 0 0 90))
    )
    (model ${KISYS3DMOD}/Package_DFN_QFN.3dshapes/QFN-28-1EP_5x5mm_P0.5mm_EP3.35x3.35mm.wrl
      (offset (xyz 7 -33.5 4))
      (scale (xyz 1 1 1))
      (rotate (xyz 0 0 0))
    )
    (model ${KISYS3DMOD}/Resistor_SMD.3dshapes/R_0603_1608Metric.wrl
      (offset (xyz 8.5 -22 4))
      (scale (xyz 1 1 1))
      (rotate (xyz 0 0 0))
    )
    (model ${KISYS3DMOD}/Resistor_SMD.3dshapes/R_0603_1608Metric.wrl
      (offset (xyz 8.5 -24 4))
      (scale (xyz 1 1 1))
      (rotate (xyz 0 0 0))
    )
    (model ${KISYS3DMOD}/Capacitor_SMD.3dshapes/C_0603_1608Metric.wrl
      (offset (xyz -8.5 -22 4))
      (scale (xyz 1 1 1))
      (rotate (xyz 0 0 0))
    )
    (model ${KISYS3DMOD}/Capacitor_SMD.3dshapes/C_0603_1608Metric.wrl
      (offset (xyz -8.5 -24 4))
      (scale (xyz 1 1 1))
      (rotate (xyz 0 0 0))
    )
    (model ${KISYS3DMOD}/RF_Module.3dshapes/ESP32-WROOM-32.wrl
      (offset (xyz 0 -10 4))
      (scale (xyz 1 1 1))
      (rotate (xyz 0 0 0))
    )
  )

  (module Resistor_SMD:R_0805_2012Metric_Pad1.20x1.40mm_HandSolder (layer F.Cu) (tedit 5F68FEEE) (tstamp 6006EFE3)
    (at 119.66 111.05 270)
    (descr "Resistor SMD 0805 (2012 Metric), square (rectangular) end terminal, IPC_7351 nominal with elongated pad for handsoldering. (Body size source: IPC-SM-782 page 72, https://www.pcb-3d.com/wordpress/wp-content/uploads/ipc-sm-782a_amendment_1_and_2.pdf), generated with kicad-footprint-generator")
    (tags "resistor handsolder")
    (path /60020360/601B37A8)
    (attr smd)
    (fp_text reference R4 (at -2.68 -0.06) (layer F.SilkS)
      (effects (font (size 1 1) (thickness 0.15)))
    )
    (fp_text value 4.7K (at 0 1.65 90) (layer F.Fab)
      (effects (font (size 1 1) (thickness 0.15)))
    )
    (fp_line (start 1.85 0.95) (end -1.85 0.95) (layer F.CrtYd) (width 0.05))
    (fp_line (start 1.85 -0.95) (end 1.85 0.95) (layer F.CrtYd) (width 0.05))
    (fp_line (start -1.85 -0.95) (end 1.85 -0.95) (layer F.CrtYd) (width 0.05))
    (fp_line (start -1.85 0.95) (end -1.85 -0.95) (layer F.CrtYd) (width 0.05))
    (fp_line (start -0.227064 0.735) (end 0.227064 0.735) (layer F.SilkS) (width 0.12))
    (fp_line (start -0.227064 -0.735) (end 0.227064 -0.735) (layer F.SilkS) (width 0.12))
    (fp_line (start 1 0.625) (end -1 0.625) (layer F.Fab) (width 0.1))
    (fp_line (start 1 -0.625) (end 1 0.625) (layer F.Fab) (width 0.1))
    (fp_line (start -1 -0.625) (end 1 -0.625) (layer F.Fab) (width 0.1))
    (fp_line (start -1 0.625) (end -1 -0.625) (layer F.Fab) (width 0.1))
    (fp_text user %R (at 0 0 90) (layer F.Fab)
      (effects (font (size 0.5 0.5) (thickness 0.08)))
    )
    (pad 2 smd roundrect (at 1 0 270) (size 1.2 1.4) (layers F.Cu F.Paste F.Mask) (roundrect_rratio 0.2083325)
      (net 25 "Net-(Q2-Pad3)"))
    (pad 1 smd roundrect (at -1 0 270) (size 1.2 1.4) (layers F.Cu F.Paste F.Mask) (roundrect_rratio 0.2083325)
      (net 3 +5V))
    (model ${KISYS3DMOD}/Resistor_SMD.3dshapes/R_0805_2012Metric.wrl
      (at (xyz 0 0 0))
      (scale (xyz 1 1 1))
      (rotate (xyz 0 0 0))
    )
  )

  (module Package_TO_SOT_SMD:SOT-223-3_TabPin2 (layer F.Cu) (tedit 5A02FF57) (tstamp 600A2ABD)
    (at 92 95.65 270)
    (descr "module CMS SOT223 4 pins")
    (tags "CMS SOT")
    (path /600202F9/600A3E41)
    (attr smd)
    (fp_text reference U1 (at 0 -4.5 90) (layer F.SilkS)
      (effects (font (size 1 1) (thickness 0.15)))
    )
    (fp_text value AMS1117-5.0 (at 0 4.5 90) (layer F.Fab)
      (effects (font (size 1 1) (thickness 0.15)))
    )
    (fp_line (start 1.85 -3.35) (end 1.85 3.35) (layer F.Fab) (width 0.1))
    (fp_line (start -1.85 3.35) (end 1.85 3.35) (layer F.Fab) (width 0.1))
    (fp_line (start -4.1 -3.41) (end 1.91 -3.41) (layer F.SilkS) (width 0.12))
    (fp_line (start -0.85 -3.35) (end 1.85 -3.35) (layer F.Fab) (width 0.1))
    (fp_line (start -1.85 3.41) (end 1.91 3.41) (layer F.SilkS) (width 0.12))
    (fp_line (start -1.85 -2.35) (end -1.85 3.35) (layer F.Fab) (width 0.1))
    (fp_line (start -1.85 -2.35) (end -0.85 -3.35) (layer F.Fab) (width 0.1))
    (fp_line (start -4.4 -3.6) (end -4.4 3.6) (layer F.CrtYd) (width 0.05))
    (fp_line (start -4.4 3.6) (end 4.4 3.6) (layer F.CrtYd) (width 0.05))
    (fp_line (start 4.4 3.6) (end 4.4 -3.6) (layer F.CrtYd) (width 0.05))
    (fp_line (start 4.4 -3.6) (end -4.4 -3.6) (layer F.CrtYd) (width 0.05))
    (fp_line (start 1.91 -3.41) (end 1.91 -2.15) (layer F.SilkS) (width 0.12))
    (fp_line (start 1.91 3.41) (end 1.91 2.15) (layer F.SilkS) (width 0.12))
    (fp_text user %R (at 0 0) (layer F.Fab)
      (effects (font (size 0.8 0.8) (thickness 0.12)))
    )
    (pad 2 smd rect (at 3.15 0 270) (size 2 3.8) (layers F.Cu F.Paste F.Mask)
      (net 3 +5V))
    (pad 2 smd rect (at -3.15 0 270) (size 2 1.5) (layers F.Cu F.Paste F.Mask)
      (net 3 +5V))
    (pad 3 smd rect (at -3.15 2.3 270) (size 2 1.5) (layers F.Cu F.Paste F.Mask)
      (net 1 +10V))
    (pad 1 smd rect (at -3.15 -2.3 270) (size 2 1.5) (layers F.Cu F.Paste F.Mask)
      (net 2 GND))
    (model ${KISYS3DMOD}/Package_TO_SOT_SMD.3dshapes/SOT-223.wrl
      (at (xyz 0 0 0))
      (scale (xyz 1 1 1))
      (rotate (xyz 0 0 0))
    )
  )

  (module Capacitor_SMD:C_0805_2012Metric_Pad1.18x1.45mm_HandSolder (layer F.Cu) (tedit 5F68FEEF) (tstamp 6006E51D)
    (at 90.775 89.625)
    (descr "Capacitor SMD 0805 (2012 Metric), square (rectangular) end terminal, IPC_7351 nominal with elongated pad for handsoldering. (Body size source: IPC-SM-782 page 76, https://www.pcb-3d.com/wordpress/wp-content/uploads/ipc-sm-782a_amendment_1_and_2.pdf, https://docs.google.com/spreadsheets/d/1BsfQQcO9C6DZCsRaXUlFlo91Tg2WpOkGARC1WS5S8t0/edit?usp=sharing), generated with kicad-footprint-generator")
    (tags "capacitor handsolder")
    (path /600202F9/6005407A)
    (attr smd)
    (fp_text reference C1 (at 2.75 0 90) (layer F.SilkS)
      (effects (font (size 1 1) (thickness 0.15)))
    )
    (fp_text value 10uF (at 0 1.68) (layer F.Fab)
      (effects (font (size 1 1) (thickness 0.15)))
    )
    (fp_line (start -1 0.625) (end -1 -0.625) (layer F.Fab) (width 0.1))
    (fp_line (start -1 -0.625) (end 1 -0.625) (layer F.Fab) (width 0.1))
    (fp_line (start 1 -0.625) (end 1 0.625) (layer F.Fab) (width 0.1))
    (fp_line (start 1 0.625) (end -1 0.625) (layer F.Fab) (width 0.1))
    (fp_line (start -0.261252 -0.735) (end 0.261252 -0.735) (layer F.SilkS) (width 0.12))
    (fp_line (start -0.261252 0.735) (end 0.261252 0.735) (layer F.SilkS) (width 0.12))
    (fp_line (start -1.88 0.98) (end -1.88 -0.98) (layer F.CrtYd) (width 0.05))
    (fp_line (start -1.88 -0.98) (end 1.88 -0.98) (layer F.CrtYd) (width 0.05))
    (fp_line (start 1.88 -0.98) (end 1.88 0.98) (layer F.CrtYd) (width 0.05))
    (fp_line (start 1.88 0.98) (end -1.88 0.98) (layer F.CrtYd) (width 0.05))
    (fp_text user %R (at 0 0) (layer F.Fab)
      (effects (font (size 0.5 0.5) (thickness 0.08)))
    )
    (pad 1 smd roundrect (at -1.0375 0) (size 1.175 1.45) (layers F.Cu F.Paste F.Mask) (roundrect_rratio 0.2127659574468085)
      (net 1 +10V))
    (pad 2 smd roundrect (at 1.0375 0) (size 1.175 1.45) (layers F.Cu F.Paste F.Mask) (roundrect_rratio 0.2127659574468085)
      (net 2 GND))
    (model ${KISYS3DMOD}/Capacitor_SMD.3dshapes/C_0805_2012Metric.wrl
      (at (xyz 0 0 0))
      (scale (xyz 1 1 1))
      (rotate (xyz 0 0 0))
    )
  )

  (module Capacitor_SMD:C_0805_2012Metric_Pad1.18x1.45mm_HandSolder (layer F.Cu) (tedit 5F68FEEF) (tstamp 6006F80F)
    (at 93.75 109.1525 90)
    (descr "Capacitor SMD 0805 (2012 Metric), square (rectangular) end terminal, IPC_7351 nominal with elongated pad for handsoldering. (Body size source: IPC-SM-782 page 76, https://www.pcb-3d.com/wordpress/wp-content/uploads/ipc-sm-782a_amendment_1_and_2.pdf, https://docs.google.com/spreadsheets/d/1BsfQQcO9C6DZCsRaXUlFlo91Tg2WpOkGARC1WS5S8t0/edit?usp=sharing), generated with kicad-footprint-generator")
    (tags "capacitor handsolder")
    (path /600202F9/6007BBC0)
    (attr smd)
    (fp_text reference C3 (at 2.76 0.11 180) (layer F.SilkS)
      (effects (font (size 1 1) (thickness 0.15)))
    )
    (fp_text value 0.1uF (at 0 1.68 90) (layer F.Fab)
      (effects (font (size 1 1) (thickness 0.15)))
    )
    (fp_line (start 1.88 0.98) (end -1.88 0.98) (layer F.CrtYd) (width 0.05))
    (fp_line (start 1.88 -0.98) (end 1.88 0.98) (layer F.CrtYd) (width 0.05))
    (fp_line (start -1.88 -0.98) (end 1.88 -0.98) (layer F.CrtYd) (width 0.05))
    (fp_line (start -1.88 0.98) (end -1.88 -0.98) (layer F.CrtYd) (width 0.05))
    (fp_line (start -0.261252 0.735) (end 0.261252 0.735) (layer F.SilkS) (width 0.12))
    (fp_line (start -0.261252 -0.735) (end 0.261252 -0.735) (layer F.SilkS) (width 0.12))
    (fp_line (start 1 0.625) (end -1 0.625) (layer F.Fab) (width 0.1))
    (fp_line (start 1 -0.625) (end 1 0.625) (layer F.Fab) (width 0.1))
    (fp_line (start -1 -0.625) (end 1 -0.625) (layer F.Fab) (width 0.1))
    (fp_line (start -1 0.625) (end -1 -0.625) (layer F.Fab) (width 0.1))
    (fp_text user %R (at 0 0 90) (layer F.Fab)
      (effects (font (size 0.5 0.5) (thickness 0.08)))
    )
    (pad 2 smd roundrect (at 1.0375 0 90) (size 1.175 1.45) (layers F.Cu F.Paste F.Mask) (roundrect_rratio 0.2127659574468085)
      (net 2 GND))
    (pad 1 smd roundrect (at -1.0375 0 90) (size 1.175 1.45) (layers F.Cu F.Paste F.Mask) (roundrect_rratio 0.2127659574468085)
      (net 3 +5V))
    (model ${KISYS3DMOD}/Capacitor_SMD.3dshapes/C_0805_2012Metric.wrl
      (at (xyz 0 0 0))
      (scale (xyz 1 1 1))
      (rotate (xyz 0 0 0))
    )
  )

  (module Capacitor_SMD:C_0805_2012Metric_Pad1.18x1.45mm_HandSolder (layer F.Cu) (tedit 5F68FEEF) (tstamp 6006FBF6)
    (at 101.725 111.8375 270)
    (descr "Capacitor SMD 0805 (2012 Metric), square (rectangular) end terminal, IPC_7351 nominal with elongated pad for handsoldering. (Body size source: IPC-SM-782 page 76, https://www.pcb-3d.com/wordpress/wp-content/uploads/ipc-sm-782a_amendment_1_and_2.pdf, https://docs.google.com/spreadsheets/d/1BsfQQcO9C6DZCsRaXUlFlo91Tg2WpOkGARC1WS5S8t0/edit?usp=sharing), generated with kicad-footprint-generator")
    (tags "capacitor handsolder")
    (path /600202F9/6007819D)
    (attr smd)
    (fp_text reference C4 (at -2.75 0 180) (layer F.SilkS)
      (effects (font (size 1 1) (thickness 0.15)))
    )
    (fp_text value 10nF (at 0 1.68 90) (layer F.Fab)
      (effects (font (size 1 1) (thickness 0.15)))
    )
    (fp_line (start 1.88 0.98) (end -1.88 0.98) (layer F.CrtYd) (width 0.05))
    (fp_line (start 1.88 -0.98) (end 1.88 0.98) (layer F.CrtYd) (width 0.05))
    (fp_line (start -1.88 -0.98) (end 1.88 -0.98) (layer F.CrtYd) (width 0.05))
    (fp_line (start -1.88 0.98) (end -1.88 -0.98) (layer F.CrtYd) (width 0.05))
    (fp_line (start -0.261252 0.735) (end 0.261252 0.735) (layer F.SilkS) (width 0.12))
    (fp_line (start -0.261252 -0.735) (end 0.261252 -0.735) (layer F.SilkS) (width 0.12))
    (fp_line (start 1 0.625) (end -1 0.625) (layer F.Fab) (width 0.1))
    (fp_line (start 1 -0.625) (end 1 0.625) (layer F.Fab) (width 0.1))
    (fp_line (start -1 -0.625) (end 1 -0.625) (layer F.Fab) (width 0.1))
    (fp_line (start -1 0.625) (end -1 -0.625) (layer F.Fab) (width 0.1))
    (fp_text user %R (at 0 0 90) (layer F.Fab)
      (effects (font (size 0.5 0.5) (thickness 0.08)))
    )
    (pad 2 smd roundrect (at 1.0375 0 270) (size 1.175 1.45) (layers F.Cu F.Paste F.Mask) (roundrect_rratio 0.2127659574468085)
      (net 4 "Net-(C4-Pad2)"))
    (pad 1 smd roundrect (at -1.0375 0 270) (size 1.175 1.45) (layers F.Cu F.Paste F.Mask) (roundrect_rratio 0.2127659574468085)
      (net 5 Sinal))
    (model ${KISYS3DMOD}/Capacitor_SMD.3dshapes/C_0805_2012Metric.wrl
      (at (xyz 0 0 0))
      (scale (xyz 1 1 1))
      (rotate (xyz 0 0 0))
    )
  )

  (module Capacitor_SMD:C_0805_2012Metric_Pad1.18x1.45mm_HandSolder (layer F.Cu) (tedit 5F68FEEF) (tstamp 6006FB44)
    (at 101.68 115.91 270)
    (descr "Capacitor SMD 0805 (2012 Metric), square (rectangular) end terminal, IPC_7351 nominal with elongated pad for handsoldering. (Body size source: IPC-SM-782 page 76, https://www.pcb-3d.com/wordpress/wp-content/uploads/ipc-sm-782a_amendment_1_and_2.pdf, https://docs.google.com/spreadsheets/d/1BsfQQcO9C6DZCsRaXUlFlo91Tg2WpOkGARC1WS5S8t0/edit?usp=sharing), generated with kicad-footprint-generator")
    (tags "capacitor handsolder")
    (path /600202F9/600633D4)
    (attr smd)
    (fp_text reference C5 (at 2.75 0 180) (layer F.SilkS)
      (effects (font (size 1 1) (thickness 0.15)))
    )
    (fp_text value 4.7nF (at 0 1.68 90) (layer F.Fab)
      (effects (font (size 1 1) (thickness 0.15)))
    )
    (fp_line (start -1 0.625) (end -1 -0.625) (layer F.Fab) (width 0.1))
    (fp_line (start -1 -0.625) (end 1 -0.625) (layer F.Fab) (width 0.1))
    (fp_line (start 1 -0.625) (end 1 0.625) (layer F.Fab) (width 0.1))
    (fp_line (start 1 0.625) (end -1 0.625) (layer F.Fab) (width 0.1))
    (fp_line (start -0.261252 -0.735) (end 0.261252 -0.735) (layer F.SilkS) (width 0.12))
    (fp_line (start -0.261252 0.735) (end 0.261252 0.735) (layer F.SilkS) (width 0.12))
    (fp_line (start -1.88 0.98) (end -1.88 -0.98) (layer F.CrtYd) (width 0.05))
    (fp_line (start -1.88 -0.98) (end 1.88 -0.98) (layer F.CrtYd) (width 0.05))
    (fp_line (start 1.88 -0.98) (end 1.88 0.98) (layer F.CrtYd) (width 0.05))
    (fp_line (start 1.88 0.98) (end -1.88 0.98) (layer F.CrtYd) (width 0.05))
    (fp_text user %R (at 0 0 90) (layer F.Fab)
      (effects (font (size 0.5 0.5) (thickness 0.08)))
    )
    (pad 1 smd roundrect (at -1.0375 0 270) (size 1.175 1.45) (layers F.Cu F.Paste F.Mask) (roundrect_rratio 0.2127659574468085)
      (net 6 "Net-(C5-Pad1)"))
    (pad 2 smd roundrect (at 1.0375 0 270) (size 1.175 1.45) (layers F.Cu F.Paste F.Mask) (roundrect_rratio 0.2127659574468085)
      (net 2 GND))
    (model ${KISYS3DMOD}/Capacitor_SMD.3dshapes/C_0805_2012Metric.wrl
      (at (xyz 0 0 0))
      (scale (xyz 1 1 1))
      (rotate (xyz 0 0 0))
    )
  )

  (module Capacitor_SMD:C_0805_2012Metric_Pad1.18x1.45mm_HandSolder (layer F.Cu) (tedit 5F68FEEF) (tstamp 600707E9)
    (at 117.475 120.76)
    (descr "Capacitor SMD 0805 (2012 Metric), square (rectangular) end terminal, IPC_7351 nominal with elongated pad for handsoldering. (Body size source: IPC-SM-782 page 76, https://www.pcb-3d.com/wordpress/wp-content/uploads/ipc-sm-782a_amendment_1_and_2.pdf, https://docs.google.com/spreadsheets/d/1BsfQQcO9C6DZCsRaXUlFlo91Tg2WpOkGARC1WS5S8t0/edit?usp=sharing), generated with kicad-footprint-generator")
    (tags "capacitor handsolder")
    (path /600202F9/6004D8EB)
    (attr smd)
    (fp_text reference C6 (at 0 1.75 180) (layer F.SilkS)
      (effects (font (size 1 1) (thickness 0.15)))
    )
    (fp_text value 10nF (at 0 1.68) (layer F.Fab)
      (effects (font (size 1 1) (thickness 0.15)))
    )
    (fp_line (start 1.88 0.98) (end -1.88 0.98) (layer F.CrtYd) (width 0.05))
    (fp_line (start 1.88 -0.98) (end 1.88 0.98) (layer F.CrtYd) (width 0.05))
    (fp_line (start -1.88 -0.98) (end 1.88 -0.98) (layer F.CrtYd) (width 0.05))
    (fp_line (start -1.88 0.98) (end -1.88 -0.98) (layer F.CrtYd) (width 0.05))
    (fp_line (start -0.261252 0.735) (end 0.261252 0.735) (layer F.SilkS) (width 0.12))
    (fp_line (start -0.261252 -0.735) (end 0.261252 -0.735) (layer F.SilkS) (width 0.12))
    (fp_line (start 1 0.625) (end -1 0.625) (layer F.Fab) (width 0.1))
    (fp_line (start 1 -0.625) (end 1 0.625) (layer F.Fab) (width 0.1))
    (fp_line (start -1 -0.625) (end 1 -0.625) (layer F.Fab) (width 0.1))
    (fp_line (start -1 0.625) (end -1 -0.625) (layer F.Fab) (width 0.1))
    (fp_text user %R (at 0 0) (layer F.Fab)
      (effects (font (size 0.5 0.5) (thickness 0.08)))
    )
    (pad 2 smd roundrect (at 1.0375 0) (size 1.175 1.45) (layers F.Cu F.Paste F.Mask) (roundrect_rratio 0.2127659574468085)
      (net 2 GND))
    (pad 1 smd roundrect (at -1.0375 0) (size 1.175 1.45) (layers F.Cu F.Paste F.Mask) (roundrect_rratio 0.2127659574468085)
      (net 1 +10V))
    (model ${KISYS3DMOD}/Capacitor_SMD.3dshapes/C_0805_2012Metric.wrl
      (at (xyz 0 0 0))
      (scale (xyz 1 1 1))
      (rotate (xyz 0 0 0))
    )
  )

  (module Capacitor_SMD:C_0805_2012Metric_Pad1.18x1.45mm_HandSolder (layer F.Cu) (tedit 5F68FEEF) (tstamp 6006E583)
    (at 117.47 118.23)
    (descr "Capacitor SMD 0805 (2012 Metric), square (rectangular) end terminal, IPC_7351 nominal with elongated pad for handsoldering. (Body size source: IPC-SM-782 page 76, https://www.pcb-3d.com/wordpress/wp-content/uploads/ipc-sm-782a_amendment_1_and_2.pdf, https://docs.google.com/spreadsheets/d/1BsfQQcO9C6DZCsRaXUlFlo91Tg2WpOkGARC1WS5S8t0/edit?usp=sharing), generated with kicad-footprint-generator")
    (tags "capacitor handsolder")
    (path /600202F9/600828A7)
    (attr smd)
    (fp_text reference C7 (at 2.72 0.01 90) (layer F.SilkS)
      (effects (font (size 1 1) (thickness 0.15)))
    )
    (fp_text value 0.1uF (at 0 1.68) (layer F.Fab)
      (effects (font (size 1 1) (thickness 0.15)))
    )
    (fp_line (start -1 0.625) (end -1 -0.625) (layer F.Fab) (width 0.1))
    (fp_line (start -1 -0.625) (end 1 -0.625) (layer F.Fab) (width 0.1))
    (fp_line (start 1 -0.625) (end 1 0.625) (layer F.Fab) (width 0.1))
    (fp_line (start 1 0.625) (end -1 0.625) (layer F.Fab) (width 0.1))
    (fp_line (start -0.261252 -0.735) (end 0.261252 -0.735) (layer F.SilkS) (width 0.12))
    (fp_line (start -0.261252 0.735) (end 0.261252 0.735) (layer F.SilkS) (width 0.12))
    (fp_line (start -1.88 0.98) (end -1.88 -0.98) (layer F.CrtYd) (width 0.05))
    (fp_line (start -1.88 -0.98) (end 1.88 -0.98) (layer F.CrtYd) (width 0.05))
    (fp_line (start 1.88 -0.98) (end 1.88 0.98) (layer F.CrtYd) (width 0.05))
    (fp_line (start 1.88 0.98) (end -1.88 0.98) (layer F.CrtYd) (width 0.05))
    (fp_text user %R (at 0 0) (layer F.Fab)
      (effects (font (size 0.5 0.5) (thickness 0.08)))
    )
    (pad 1 smd roundrect (at -1.0375 0) (size 1.175 1.45) (layers F.Cu F.Paste F.Mask) (roundrect_rratio 0.2127659574468085)
      (net 1 +10V))
    (pad 2 smd roundrect (at 1.0375 0) (size 1.175 1.45) (layers F.Cu F.Paste F.Mask) (roundrect_rratio 0.2127659574468085)
      (net 2 GND))
    (model ${KISYS3DMOD}/Capacitor_SMD.3dshapes/C_0805_2012Metric.wrl
      (at (xyz 0 0 0))
      (scale (xyz 1 1 1))
      (rotate (xyz 0 0 0))
    )
  )

  (module Capacitor_SMD:C_0805_2012Metric_Pad1.18x1.45mm_HandSolder (layer F.Cu) (tedit 5F68FEEF) (tstamp 6006F073)
    (at 108.39 106.45 90)
    (descr "Capacitor SMD 0805 (2012 Metric), square (rectangular) end terminal, IPC_7351 nominal with elongated pad for handsoldering. (Body size source: IPC-SM-782 page 76, https://www.pcb-3d.com/wordpress/wp-content/uploads/ipc-sm-782a_amendment_1_and_2.pdf, https://docs.google.com/spreadsheets/d/1BsfQQcO9C6DZCsRaXUlFlo91Tg2WpOkGARC1WS5S8t0/edit?usp=sharing), generated with kicad-footprint-generator")
    (tags "capacitor handsolder")
    (path /60020360/600913E7)
    (attr smd)
    (fp_text reference C8 (at 0 -1.68 90) (layer F.SilkS)
      (effects (font (size 1 1) (thickness 0.15)))
    )
    (fp_text value 1uF (at 0 1.68 90) (layer F.Fab)
      (effects (font (size 1 1) (thickness 0.15)))
    )
    (fp_line (start -1 0.625) (end -1 -0.625) (layer F.Fab) (width 0.1))
    (fp_line (start -1 -0.625) (end 1 -0.625) (layer F.Fab) (width 0.1))
    (fp_line (start 1 -0.625) (end 1 0.625) (layer F.Fab) (width 0.1))
    (fp_line (start 1 0.625) (end -1 0.625) (layer F.Fab) (width 0.1))
    (fp_line (start -0.261252 -0.735) (end 0.261252 -0.735) (layer F.SilkS) (width 0.12))
    (fp_line (start -0.261252 0.735) (end 0.261252 0.735) (layer F.SilkS) (width 0.12))
    (fp_line (start -1.88 0.98) (end -1.88 -0.98) (layer F.CrtYd) (width 0.05))
    (fp_line (start -1.88 -0.98) (end 1.88 -0.98) (layer F.CrtYd) (width 0.05))
    (fp_line (start 1.88 -0.98) (end 1.88 0.98) (layer F.CrtYd) (width 0.05))
    (fp_line (start 1.88 0.98) (end -1.88 0.98) (layer F.CrtYd) (width 0.05))
    (fp_text user %R (at 0 0 90) (layer F.Fab)
      (effects (font (size 0.5 0.5) (thickness 0.08)))
    )
    (pad 1 smd roundrect (at -1.0375 0 90) (size 1.175 1.45) (layers F.Cu F.Paste F.Mask) (roundrect_rratio 0.2127659574468085)
      (net 3 +5V))
    (pad 2 smd roundrect (at 1.0375 0 90) (size 1.175 1.45) (layers F.Cu F.Paste F.Mask) (roundrect_rratio 0.2127659574468085)
      (net 2 GND))
    (model ${KISYS3DMOD}/Capacitor_SMD.3dshapes/C_0805_2012Metric.wrl
      (at (xyz 0 0 0))
      (scale (xyz 1 1 1))
      (rotate (xyz 0 0 0))
    )
  )

  (module Capacitor_SMD:C_0805_2012Metric_Pad1.18x1.45mm_HandSolder (layer F.Cu) (tedit 5F68FEEF) (tstamp 601593B6)
    (at 111.42 80.04)
    (descr "Capacitor SMD 0805 (2012 Metric), square (rectangular) end terminal, IPC_7351 nominal with elongated pad for handsoldering. (Body size source: IPC-SM-782 page 76, https://www.pcb-3d.com/wordpress/wp-content/uploads/ipc-sm-782a_amendment_1_and_2.pdf, https://docs.google.com/spreadsheets/d/1BsfQQcO9C6DZCsRaXUlFlo91Tg2WpOkGARC1WS5S8t0/edit?usp=sharing), generated with kicad-footprint-generator")
    (tags "capacitor handsolder")
    (path /600203C9/6009EA6D)
    (attr smd)
    (fp_text reference C9 (at 2.9 -0.06 90) (layer F.SilkS)
      (effects (font (size 1 1) (thickness 0.15)))
    )
    (fp_text value 1uF (at 0 1.68) (layer F.Fab)
      (effects (font (size 1 1) (thickness 0.15)))
    )
    (fp_line (start 1.88 0.98) (end -1.88 0.98) (layer F.CrtYd) (width 0.05))
    (fp_line (start 1.88 -0.98) (end 1.88 0.98) (layer F.CrtYd) (width 0.05))
    (fp_line (start -1.88 -0.98) (end 1.88 -0.98) (layer F.CrtYd) (width 0.05))
    (fp_line (start -1.88 0.98) (end -1.88 -0.98) (layer F.CrtYd) (width 0.05))
    (fp_line (start -0.261252 0.735) (end 0.261252 0.735) (layer F.SilkS) (width 0.12))
    (fp_line (start -0.261252 -0.735) (end 0.261252 -0.735) (layer F.SilkS) (width 0.12))
    (fp_line (start 1 0.625) (end -1 0.625) (layer F.Fab) (width 0.1))
    (fp_line (start 1 -0.625) (end 1 0.625) (layer F.Fab) (width 0.1))
    (fp_line (start -1 -0.625) (end 1 -0.625) (layer F.Fab) (width 0.1))
    (fp_line (start -1 0.625) (end -1 -0.625) (layer F.Fab) (width 0.1))
